  0.036975          0          0          0          0
  0.057808      -6251      20228      -6251      20228
  0.078642      13588      18964      13588      18964
  0.099476      -3833      -3834      -3833      -3834
  0.120309      -3833      -3753      -3833      -3753
  0.141143      14790      19348      14790      19348
  0.161976      -7884      17991      -7884      17991
  0.182810       -244      -8090       -244      -8090
  0.203643      14847      -7902      14847      -7902
  0.224477     -11855      18988     -11855      18988
  0.245310       4494      17507       4494      17507
  0.266144      13463     -12997      13463     -12997
  0.286977     -15395     -12664     -15395     -12664
  0.307811      10322      19457      10322      19457
  0.328644      10322      17803      10322      17803
  0.349478     -18102     -18984     -18102     -18984
  0.370311      17169     -18442      17169     -18442
  0.391145      17536      21368      17536      21368
  0.411979     -46666      21985     -46666      21985
  0.432812      32679     -21901      32679     -21901
  0.453646       4652     -21195       4652     -21195
  0.474479     -48461      30861     -48461      30861
  0.495313      49793      31236      49793      31236
  0.516146     -14583     -29076     -14583     -29076
  0.536980     -44765     -27999     -44765     -27999
  0.557813      68644      47250      68644      47250
  0.578647     -43412      47028     -43412      47028
  0.599480     -31881     -48556     -31881     -48556
  0.620314      91230     -46445      91230     -46445
  0.641147     -93713      89175     -93713      89175
  0.661981       4380      86915       4380      86915
  0.682815     129989    -137859     129989    -137859
  0.703648    -257988    -130603    -257988    -130603
  0.724482     293833     544196     293833     544196
  0.745315    2479711    2609262    2479711    2609262
  0.766149    2895917    3113649    2895917    3113649
  0.786982    2634535    2905898    2634535    2905898
  0.807816    2772276    2475633    2772276    2475633
  0.828649    2719209    2285331    2719209    2285331
  0.849483    2699172    2228537    2699172    2228537
  0.870316    2794750    2025396    2794750    2025396
  0.891150    2650804    1726891    2650804    1726891
  0.911983    2762860    1535643    2762860    1535643
  0.932817    2781866    1418567    2781866    1418567
  0.953650    2593360    1214391    2593360    1214391
  0.974484    2862715     949529    2862715     949529
  0.995318    2719435     761861    2719435     761861
  1.016151    2509198     625543    2509198     625543
  1.036985    3186585     411243    3186585     411243
  1.057818    2139212     152440    2139212     152440
  1.078652   -2168342      21985   -2168342      21985
  1.099485   -3136737     192941   -3136737     192941
  1.120319   -2522647     408490   -2522647     408490
  1.141152   -2757574     588905   -2757574     588905
  1.161986   -2802600     775293   -2802600     775293
  1.182819   -2623337     993470   -2623337     993470
  1.203653   -2813169    1199056   -2813169    1199056
  1.224486   -2689722    1375619   -2689722    1375619
  1.245320   -2706071    1565164   -2706071    1565164
  1.266154   -2811785    1781412   -2811785    1781412
  1.286987   -2608187    1986853   -2608187    1986853
  1.307821   -2820806    2167570   -2820806    2167570
  1.328654   -2753106    2354255   -2753106    2354255
  1.349488   -2508378    2563959   -2508378    2563959
  1.370321   -3157739    2779047   -3157739    2779047
  1.391155   -2172290    2972601   -2172290    2972601
  1.411988    2179627    3102409    2179627    3102409
  1.432822    3153905    2990301    3153905    2990301
  1.453655    2504545    2775295    2504545    2775295
  1.474489    2767895    2560289    2767895    2560289
  1.495322    2812922    2372246    2812922    2372246
  1.516156    2607942    2184204    2607942    2184204
  1.536989    2826631    1978951    2826631    1978951
  1.557823    2694216    1773698    2694216    1773698
  1.578657    2694216    1582672    2694216    1582672
  1.599490    2826631    1391645    2826631    1391645
  1.620324    2607942    1186393    2607942    1186393
  1.641157    2812922     981140    2812922     981140
  1.661991    2767895     793097    2767895     793097
  1.682824    2504545     605055    2504545     605055
  1.703658    3153905     390049    3153905     390049
  1.724491    2185878     175042    2185878     175042
  1.745325   -2185879      43970   -2185879      43970
  1.766158   -3153906     175042   -3153906     175042
  1.786992   -2504546     390049   -2504546     390049
  1.807825   -2767896     605055   -2767896     605055
  1.828659   -2812923     793097   -2812923     793097
  1.849493   -2607943     981140   -2607943     981140
  1.870326   -2826632    1186393   -2826632    1186393
  1.891160   -2694217    1391645   -2694217    1391645
  1.911993   -2694217    1582672   -2694217    1582672
  1.932827   -2826632    1773698   -2826632    1773698
  1.953660   -2607943    1978951   -2607943    1978951
  1.974494   -2812923    2184204   -2812923    2184204
  1.995327   -2767896    2372246   -2767896    2372246
  2.016161   -2504546    2560289   -2504546    2560289
  2.036994   -3153906    2775295   -3153906    2775295
  2.057828   -2185879    2990301   -2185879    2990301
  2.078661    2185878    3121373    2185878    3121373
  2.099495    3153905    2990301    3153905    2990301
  2.120329    2504545    2775295    2504545    2775295
  2.141162    2767895    2560289    2767895    2560289
  2.161996    2812922    2372246    2812922    2372246
  2.182829    2607942    2184204    2607942    2184204
  2.203663    2826631    1978951    2826631    1978951
  2.224496    2694216    1773698    2694216    1773698
  2.245330    2694216    1582672    2694216    1582672
  2.266163    2826631    1391645    2826631    1391645
  2.286997    2607942    1186393    2607942    1186393
  2.307830    2812922     981140    2812922     981140
  2.328664    2767895     793097    2767895     793097
  2.349497    2504545     605055    2504545     605055
  2.370331    3153905     390049    3153905     390049
  2.391164    2185878     175042    2185878     175042
  2.411998   -2185879      43970   -2185879      43970
  2.432832   -3153906     175042   -3153906     175042
  2.453665   -2504546     390049   -2504546     390049
  2.474499   -2767896     605055   -2767896     605055
  2.495332   -2812923     793097   -2812923     793097
  2.516166   -2607943     981140   -2607943     981140
  2.536999   -2826632    1186393   -2826632    1186393
  2.557833   -2694217    1391645   -2694217    1391645
  2.578666   -2694217    1582672   -2694217    1582672
  2.599500   -2826632    1773698   -2826632    1773698
  2.620333   -2607943    1978951   -2607943    1978951
  2.641167   -2812923    2184204   -2812923    2184204
  2.662000   -2767896    2372246   -2767896    2372246
  2.682834   -2504546    2560289   -2504546    2560289
  2.703668   -3153906    2775295   -3153906    2775295
  2.724501   -2185879    2990301   -2185879    2990301
  2.745335    2185878    3121373    2185878    3121373
  2.766168    3153905    2990301    3153905    2990301
  2.787002    2504545    2775295    2504545    2775295
  2.807835    2767895    2560289    2767895    2560289
  2.828669    2812922    2372246    2812922    2372246
  2.849502    2607942    2184204    2607942    2184204
  2.870336    2826631    1978951    2826631    1978951
  2.891169    2694216    1773698    2694216    1773698
  2.912003    2694216    1582672    2694216    1582672
  2.932836    2826631    1391645    2826631    1391645
  2.953670    2607942    1186393    2607942    1186393
  2.974503    2812922     981140    2812922     981140
  2.995337    2767895     793097    2767895     793097
  3.016171    2504545     605055    2504545     605055
  3.037004    3153905     390049    3153905     390049
  3.057838    2185878     175042    2185878     175042
  3.078671   -2185879      43970   -2185879      43970
  3.099505   -3153906     175042   -3153906     175042
  3.120338   -2504546     390049   -2504546     390049
  3.141172   -2767896     605055   -2767896     605055
  3.162005   -2812923     793097   -2812923     793097
  3.182839   -2607943     981140   -2607943     981140
  3.203672   -2826632    1186393   -2826632    1186393
  3.224506   -2694217    1391645   -2694217    1391645
  3.245339   -2694217    1582672   -2694217    1582672
  3.266173   -2826632    1773698   -2826632    1773698
  3.287007   -2607943    1978951   -2607943    1978951
  3.307840   -2812923    2184204   -2812923    2184204
  3.328674   -2767896    2372246   -2767896    2372246
  3.349507   -2504546    2560289   -2504546    2560289
  3.370341   -3153906    2775295   -3153906    2775295
  3.391174   -2185879    2990301   -2185879    2990301
  3.412008    2185878    3121373    2185878    3121373
  3.432841    3153905    2990301    3153905    2990301
  3.453675    2504545    2775295    2504545    2775295
  3.474508    2767895    2560289    2767895    2560289
  3.495342    2812922    2372246    2812922    2372246
  3.516175    2607942    2184204    2607942    2184204
  3.537009    2826631    1978951    2826631    1978951
  3.557842    2694216    1773698    2694216    1773698
  3.578676    2694216    1582672    2694216    1582672
  3.599510    2826631    1391645    2826631    1391645
  3.620343    2607942    1186393    2607942    1186393
  3.641177    2812922     981140    2812922     981140
  3.662010    2767895     793097    2767895     793097
  3.682844    2504545     605055    2504545     605055
  3.703677    3153905     390049    3153905     390049
  3.724511    2185878     175042    2185878     175042
  3.745344   -2185879      43970   -2185879      43970
  3.766178   -3153906     175042   -3153906     175042
  3.787011   -2504546     390049   -2504546     390049
  3.807845   -2767896     605055   -2767896     605055
  3.828678   -2812923     793097   -2812923     793097
  3.849512   -2607943     981140   -2607943     981140
  3.870346   -2826632    1186393   -2826632    1186393
  3.891179   -2694217    1391645   -2694217    1391645
  3.912013   -2694217    1582672   -2694217    1582672
  3.932846   -2826632    1773698   -2826632    1773698
  3.953680   -2607943    1978951   -2607943    1978951
  3.974513   -2812923    2184204   -2812923    2184204
  3.995347   -2767896    2372246   -2767896    2372246
  4.016180   -2504546    2560289   -2504546    2560289
  4.037014   -3153906    2775295   -3153906    2775295
  4.057847   -2185879    2990301   -2185879    2990301
  4.078681    2185878    3121373    2185878    3121373
  4.099514    3153905    2990301    3153905    2990301
  4.120348    2504545    2775295    2504545    2775295
  4.141181    2767895    2560289    2767895    2560289
  4.162015    2812922    2372246    2812922    2372246
  4.182849    2607942    2184204    2607942    2184204
  4.203682    2826631    1978951    2826631    1978951
  4.224516    2694216    1773698    2694216    1773698
  4.245349    2694216    1582672    2694216    1582672
  4.266183    2826631    1391645    2826631    1391645
  4.287016    2607942    1186393    2607942    1186393
  4.307850    2812922     981140    2812922     981140
  4.328683    2767895     793097    2767895     793097
  4.349517    2504545     605055    2504545     605055
  4.370350    3153905     390049    3153905     390049
  4.391184    2185878     175042    2185878     175042
  4.412017   -2185879      43970   -2185879      43970
  4.432851   -3153906     175042   -3153906     175042
  4.453685   -2504546     390049   -2504546     390049
  4.474518   -2767896     605055   -2767896     605055
  4.495352   -2812923     793097   -2812923     793097
  4.516185   -2607943     981140   -2607943     981140
  4.537019   -2826632    1186393   -2826632    1186393
  4.557852   -2694217    1391645   -2694217    1391645
  4.578686   -2694217    1582672   -2694217    1582672
  4.599519   -2826632    1773698   -2826632    1773698
  4.620353   -2607943    1978951   -2607943    1978951
  4.641186   -2812923    2184204   -2812923    2184204
  4.662020   -2767896    2372246   -2767896    2372246
  4.682853   -2504546    2560289   -2504546    2560289
  4.703687   -3153906    2775295   -3153906    2775295
  4.724521   -2185879    2990301   -2185879    2990301
  4.745354    2185878    3121373    2185878    3121373
  4.766188    3153905    2990301    3153905    2990301
  4.787021    2504545    2775295    2504545    2775295
  4.807855    2767895    2560289    2767895    2560289
  4.828688    2812922    2372246    2812922    2372246
  4.849522    2607942    2184204    2607942    2184204
  4.870355    2826631    1978951    2826631    1978951
  4.891189    2694216    1773698    2694216    1773698
  4.912022    2694216    1582672    2694216    1582672
  4.932856    2826631    1391645    2826631    1391645
  4.953689    2607942    1186393    2607942    1186393
  4.974523    2812922     981140    2812922     981140
  4.995356    2767895     793097    2767895     793097
  5.016190    2504545     605055    2504545     605055
  5.037024    3153905     390049    3153905     390049
  5.057857    2185878     175042    2185878     175042
  5.078691   -2185879      43970   -2185879      43970
  5.099524   -3153906     175042   -3153906     175042
  5.120358   -2504546     390049   -2504546     390049
  5.141191   -2767896     605055   -2767896     605055
  5.162025   -2812923     793097   -2812923     793097
  5.182858   -2607943     981140   -2607943     981140
  5.203692   -2826632    1186393   -2826632    1186393
  5.224525   -2694217    1391645   -2694217    1391645
  5.245359   -2694217    1582672   -2694217    1582672
  5.266192   -2826632    1773698   -2826632    1773698
  5.287026   -2607943    1978951   -2607943    1978951
  5.307860   -2812923    2184204   -2812923    2184204
  5.328693   -2767896    2372246   -2767896    2372246
  5.349527   -2504546    2560289   -2504546    2560289
  5.370360   -3153906    2775295   -3153906    2775295
  5.391194   -2185879    2990301   -2185879    2990301
  5.412027    2185878    3121373    2185878    3121373
  5.432861    3153905    2990301    3153905    2990301
  5.453694    2504545    2775295    2504545    2775295
  5.474528    2767895    2560289    2767895    2560289
  5.495361    2812922    2372246    2812922    2372246
  5.516195    2607942    2184204    2607942    2184204
  5.537028    2826631    1978951    2826631    1978951
  5.557862    2694216    1773698    2694216    1773698
  5.578695    2694216    1582672    2694216    1582672
  5.599529    2826631    1391645    2826631    1391645
  5.620363    2607942    1186393    2607942    1186393
  5.641196    2812922     981140    2812922     981140
  5.662030    2767895     793097    2767895     793097
  5.682863    2504545     605055    2504545     605055
  5.703697    3153905     390049    3153905     390049
  5.724530    2185878     175042    2185878     175042
  5.745364   -2185879      43970   -2185879      43970
  5.766197   -3153906     175042   -3153906     175042
  5.787031   -2504546     390049   -2504546     390049
  5.807864   -2767896     605055   -2767896     605055
  5.828698   -2812923     793097   -2812923     793097
  5.849531   -2607943     981140   -2607943     981140
  5.870365   -2826632    1186393   -2826632    1186393
  5.891199   -2694217    1391645   -2694217    1391645
  5.912032   -2694217    1582672   -2694217    1582672
  5.932866   -2826632    1773698   -2826632    1773698
  5.953699   -2607943    1978951   -2607943    1978951
  5.974533   -2812923    2184204   -2812923    2184204
  5.995366   -2767896    2372246   -2767896    2372246
  6.016200   -2504546    2560289   -2504546    2560289
  6.037033   -3153906    2775295   -3153906    2775295
  6.057867   -2185879    2990301   -2185879    2990301
  6.078700    2185878    3121373    2185878    3121373
  6.099534    3153905    2990301    3153905    2990301
  6.120367    2504545    2775295    2504545    2775295
  6.141201    2767895    2560289    2767895    2560289
  6.162034    2812922    2372246    2812922    2372246
  6.182868    2607942    2184204    2607942    2184204
  6.203702    2826631    1978951    2826631    1978951
  6.224535    2694216    1773698    2694216    1773698
  6.245369    2694216    1582672    2694216    1582672
  6.266202    2826631    1391645    2826631    1391645
  6.287036    2607942    1186393    2607942    1186393
  6.307869    2812922     981140    2812922     981140
  6.328703    2767895     793097    2767895     793097
  6.349536    2504545     605055    2504545     605055
  6.370370    3153905     390049    3153905     390049
  6.391203    2185878     175042    2185878     175042
  6.412037   -2185879      43970   -2185879      43970
  6.432870   -3153906     175042   -3153906     175042
  6.453704   -2504546     390049   -2504546     390049
  6.474538   -2767896     605055   -2767896     605055
  6.495371   -2812923     793097   -2812923     793097
  6.516205   -2607943     981140   -2607943     981140
  6.537038   -2826632    1186393   -2826632    1186393
  6.557872   -2694217    1391645   -2694217    1391645
  6.578705   -2694217    1582672   -2694217    1582672
  6.599539   -2826632    1773698   -2826632    1773698
  6.620372   -2607943    1978951   -2607943    1978951
  6.641206   -2812923    2184204   -2812923    2184204
  6.662039   -2767896    2372246   -2767896    2372246
  6.682873   -2504546    2560289   -2504546    2560289
  6.703706   -3153906    2775295   -3153906    2775295
  6.724540   -2185879    2990301   -2185879    2990301
  6.745373    2185878    3121373    2185878    3121373
  6.766207    3153905    2990301    3153905    2990301
  6.787041    2504545    2775295    2504545    2775295
  6.807874    2767895    2560289    2767895    2560289
  6.828708    2812922    2372246    2812922    2372246
  6.849541    2607942    2184204    2607942    2184204
  6.870375    2826631    1978951    2826631    1978951
  6.891208    2694216    1773698    2694216    1773698
  6.912042    2694216    1582672    2694216    1582672
  6.932875    2826631    1391645    2826631    1391645
  6.953709    2607942    1186393    2607942    1186393
  6.974542    2812922     981140    2812922     981140
  6.995376    2767895     793097    2767895     793097
  7.016209    2504545     605055    2504545     605055
  7.037043    3153905     390049    3153905     390049
  7.057877    2185878     175042    2185878     175042
  7.078710   -2185879      43970   -2185879      43970
  7.099544   -3153906     175042   -3153906     175042
  7.120377   -2504546     390049   -2504546     390049
  7.141211   -2767896     605055   -2767896     605055
  7.162044   -2812923     793097   -2812923     793097
  7.182878   -2607943     981140   -2607943     981140
  7.203711   -2826632    1186393   -2826632    1186393
  7.224545   -2694217    1391645   -2694217    1391645
  7.245378   -2694217    1582672   -2694217    1582672
  7.266212   -2826632    1773698   -2826632    1773698
  7.287045   -2607943    1978951   -2607943    1978951
  7.307879   -2812923    2184204   -2812923    2184204
  7.328713   -2767896    2372246   -2767896    2372246
  7.349546   -2504546    2560289   -2504546    2560289
  7.370380   -3153906    2775295   -3153906    2775295
  7.391213   -2185879    2990301   -2185879    2990301
  7.412047    2185878    3121373    2185878    3121373
  7.432880    3153905    2990301    3153905    2990301
  7.453714    2504545    2775295    2504545    2775295
  7.474547    2767895    2560289    2767895    2560289
  7.495381    2812922    2372246    2812922    2372246
  7.516214    2607942    2184204    2607942    2184204
  7.537048    2826631    1978951    2826631    1978951
  7.557881    2694216    1773698    2694216    1773698
  7.578715    2694216    1582672    2694216    1582672
  7.599548    2826631    1391645    2826631    1391645
  7.620382    2607942    1186393    2607942    1186393
  7.641216    2812922     981140    2812922     981140
  7.662049    2767895     793097    2767895     793097
  7.682883    2504545     605055    2504545     605055
  7.703716    3153905     390049    3153905     390049
  7.724550    2185878     175042    2185878     175042
  7.745383   -2185879      43970   -2185879      43970
  7.766217   -3153906     175042   -3153906     175042
  7.787050   -2504546     390049   -2504546     390049
  7.807884   -2767896     605055   -2767896     605055
  7.828717   -2812923     793097   -2812923     793097
  7.849551   -2607943     981140   -2607943     981140
  7.870384   -2826632    1186393   -2826632    1186393
  7.891218   -2694217    1391645   -2694217    1391645
  7.912052   -2694217    1582672   -2694217    1582672
  7.932885   -2826632    1773698   -2826632    1773698
  7.953719   -2607943    1978951   -2607943    1978951
  7.974552   -2812923    2184204   -2812923    2184204
  7.995386   -2767896    2372246   -2767896    2372246
  8.016219   -2504546    2560289   -2504546    2560289
  8.037053   -3153906    2775295   -3153906    2775295
  8.057886   -2185879    2990301   -2185879    2990301
  8.078720    2185878    3121373    2185878    3121373
  8.099553    3153905    2990301    3153905    2990301
  8.120387    2504545    2775295    2504545    2775295
  8.141220    2767895    2560289    2767895    2560289
  8.162054    2812922    2372246    2812922    2372246
  8.182887    2607942    2184204    2607942    2184204
  8.203721    2826631    1978951    2826631    1978951
  8.224555    2694216    1773698    2694216    1773698
  8.245388    2694216    1582672    2694216    1582672
  8.266222    2826631    1391645    2826631    1391645
  8.287055    2607942    1186393    2607942    1186393
  8.307889    2812922     981140    2812922     981140
  8.328722    2767895     793097    2767895     793097
  8.349556    2504545     605055    2504545     605055
  8.370389    3153905     390049    3153905     390049
  8.391223    2185878     175042    2185878     175042
  8.412056   -2185879      43970   -2185879      43970
  8.432890   -3153906     175042   -3153906     175042
  8.453723   -2504546     390049   -2504546     390049
  8.474557   -2767896     605055   -2767896     605055
  8.495391   -2812923     793097   -2812923     793097
  8.516224   -2607943     981140   -2607943     981140
  8.537058   -2826632    1186393   -2826632    1186393
  8.557891   -2694217    1391645   -2694217    1391645
  8.578725   -2694217    1582672   -2694217    1582672
  8.599558   -2826632    1773698   -2826632    1773698
  8.620392   -2607943    1978951   -2607943    1978951
  8.641225   -2812923    2184204   -2812923    2184204
  8.662059   -2767896    2372246   -2767896    2372246
  8.682892   -2504546    2560289   -2504546    2560289
  8.703726   -3153906    2775295   -3153906    2775295
  8.724559   -2185879    2990301   -2185879    2990301
  8.745393    2185878    3121373    2185878    3121373
  8.766226    3153905    2990301    3153905    2990301
  8.787060    2504545    2775295    2504545    2775295
  8.807894    2767895    2560289    2767895    2560289
  8.828727    2812922    2372246    2812922    2372246
  8.849561    2607942    2184204    2607942    2184204
  8.870394    2826631    1978951    2826631    1978951
  8.891228    2694216    1773698    2694216    1773698
  8.912061    2694216    1582672    2694216    1582672
  8.932895    2826631    1391645    2826631    1391645
  8.953728    2607942    1186393    2607942    1186393
  8.974562    2812922     981140    2812922     981140
  8.995395    2767895     793097    2767895     793097
  9.016229    2504545     605055    2504545     605055
  9.037062    3153905     390049    3153905     390049
  9.057896    2185878     175042    2185878     175042
  9.078730   -2185879      43970   -2185879      43970
  9.099563   -3153906     175042   -3153906     175042
  9.120397   -2504546     390049   -2504546     390049
  9.141230   -2767896     605055   -2767896     605055
  9.162064   -2812923     793097   -2812923     793097
  9.182897   -2607943     981140   -2607943     981140
  9.203731   -2826632    1186393   -2826632    1186393
  9.224564   -2694217    1391645   -2694217    1391645
  9.245398   -2694217    1582672   -2694217    1582672
  9.266231   -2826632    1773698   -2826632    1773698
  9.287065   -2607943    1978951   -2607943    1978951
  9.307898   -2812923    2184204   -2812923    2184204
  9.328732   -2767896    2372246   -2767896    2372246
  9.349565   -2504546    2560289   -2504546    2560289
  9.370399   -3153906    2775295   -3153906    2775295
  9.391233   -2185879    2990301   -2185879    2990301
  9.412066    2185878    3121373    2185878    3121373
  9.432900    3153905    2990301    3153905    2990301
  9.453733    2504545    2775295    2504545    2775295
  9.474567    2767895    2560289    2767895    2560289
  9.495400    2812922    2372246    2812922    2372246
  9.516234    2607942    2184204    2607942    2184204
  9.537067    2826631    1978951    2826631    1978951
  9.557901    2694216    1773698    2694216    1773698
  9.578734    2694216    1582672    2694216    1582672
  9.599568    2826631    1391645    2826631    1391645
  9.620401    2607942    1186393    2607942    1186393
  9.641235    2812922     981140    2812922     981140
  9.662069    2767895     793097    2767895     793097
  9.682902    2504545     605055    2504545     605055
  9.703736    3153905     390049    3153905     390049
  9.724569    2185878     175042    2185878     175042
  9.745403   -2185879      43970   -2185879      43970
  9.766236   -3153906     175042   -3153906     175042
  9.787070   -2504546     390049   -2504546     390049
  9.807903   -2767896     605055   -2767896     605055
  9.828737   -2812923     793097   -2812923     793097
  9.849570   -2607943     981140   -2607943     981140
  9.870404   -2826632    1186393   -2826632    1186393
  9.891237   -2694217    1391645   -2694217    1391645
  9.912071   -2694217    1582672   -2694217    1582672
  9.932905   -2826632    1773698   -2826632    1773698
  9.953738   -2607943    1978951   -2607943    1978951
  9.974572   -2812923    2184204   -2812923    2184204
  9.995405   -2767896    2372246   -2767896    2372246
 10.016239   -2504546    2560289   -2504546    2560289
 10.037072   -3153906    2775295   -3153906    2775295
 10.057906   -2185879    2990301   -2185879    2990301
 10.078739    2185878    3121373    2185878    3121373
 10.099573    3153905    2990301    3153905    2990301
 10.120406    2504545    2775295    2504545    2775295
 10.141240    2767895    2560289    2767895    2560289
 10.162073    2812922    2372246    2812922    2372246
 10.182907    2607942    2184204    2607942    2184204
 10.203740    2826631    1978951    2826631    1978951
 10.224574    2694216    1773698    2694216    1773698
 10.245408    2694216    1582672    2694216    1582672
 10.266241    2826631    1391645    2826631    1391645
 10.287075    2607942    1186393    2607942    1186393
 10.307908    2812922     981140    2812922     981140
 10.328742    2767895     793097    2767895     793097
 10.349575    2504545     605055    2504545     605055
 10.413541          0          0          0          0
 10.434374   -4194304    2097152   -4194304    2097152
 10.455208   -4194304    2359296   -4194304    2359296
 10.476041   -4194304    2621440   -4194304    2621440
 10.496875   -4194304    2883584   -4194304    2883584
 10.517708   -4194304    3145728   -4194304    3145728
 10.538542   -4194304    3407872   -4194304    3407872
 10.559375   -4194304    3670016   -4194304    3670016
 10.580209   -4194304    3932160   -4194304    3932160
 10.601043    4194304    4194304    4194304    4194304
 10.621876    4194304    3932160    4194304    3932160
 10.642710    4194304    3670016    4194304    3670016
 10.663543    4194304    3407872    4194304    3407872
 10.684377    4194304    3145728    4194304    3145728
 10.705210    4194304    2883584    4194304    2883584
 10.726044    4194304    2621440    4194304    2621440
 10.746877    4194304    2359296    4194304    2359296
 10.767711    4194304    2097152    4194304    2097152
 10.788544    4194304    1835008    4194304    1835008
 10.809378    4194304    1572864    4194304    1572864
 10.830211    4194304    1310720    4194304    1310720
 10.851045    4194304    1048576    4194304    1048576
 10.871878    4194304     786432    4194304     786432
 10.892712    4194304     524288    4194304     524288
 10.913546    4194304     262144    4194304     262144
 10.934379   -4194304          0   -4194304          0
 10.955213   -4194304     262144   -4194304     262144
 10.976046   -4194304     524288   -4194304     524288
 10.996880   -4194304     786432   -4194304     786432
 11.017713   -4194304    1048576   -4194304    1048576
 11.038547   -4194304    1310720   -4194304    1310720
 11.059380   -4194304    1572864   -4194304    1572864
 11.080214   -4194304    1835008   -4194304    1835008
 11.101047   -4194304    2097152   -4194304    2097152
 11.121881   -4194304    2359296   -4194304    2359296
 11.142714   -4194304    2621440   -4194304    2621440
 11.163548   -4194304    2883584   -4194304    2883584
 11.184382   -4194304    3145728   -4194304    3145728
 11.205215   -4194304    3407872   -4194304    3407872
 11.226049   -4194304    3670016   -4194304    3670016
 11.246882   -4194304    3932160   -4194304    3932160
 11.267716    4194304    4194304    4194304    4194304
 11.288549    4194304    3932160    4194304    3932160
 11.309383    4194304    3670016    4194304    3670016
 11.330216    4194304    3407872    4194304    3407872
 11.351050    4194304    3145728    4194304    3145728
 11.371883    4194304    2883584    4194304    2883584
 11.392717    4194304    2621440    4194304    2621440
 11.413550    4194304    2359296    4194304    2359296
 11.434384    4194304    2097152    4194304    2097152
 11.455217    4194304    1835008    4194304    1835008
 11.476051    4194304    1572864    4194304    1572864
 11.496885    4194304    1310720    4194304    1310720
 11.517718    4194304    1048576    4194304    1048576
 11.538552    4194304     786432    4194304     786432
 11.559385    4194304     524288    4194304     524288
 11.580219    4194304     262144    4194304     262144
 11.601052   -4194304          0   -4194304          0
 11.621886   -4194304     262144   -4194304     262144
 11.642719   -4194304     524288   -4194304     524288
 11.663553   -4194304     786432   -4194304     786432
 11.684386   -4194304    1048576   -4194304    1048576
 11.705220   -4194304    1310720   -4194304    1310720
 11.726053   -4194304    1572864   -4194304    1572864
 11.746887   -4194304    1835008   -4194304    1835008
 11.767721   -4194304    2097152   -4194304    2097152
 11.788554   -4194304    2359296   -4194304    2359296
 11.809388   -4194304    2621440   -4194304    2621440
 11.830221   -4194304    2883584   -4194304    2883584
 11.851055   -4194304    3145728   -4194304    3145728
 11.871888   -4194304    3407872   -4194304    3407872
 11.892722   -4194304    3670016   -4194304    3670016
 11.913555   -4194304    3932160   -4194304    3932160
 11.934389    4194304    4194304    4194304    4194304
 11.955222    4194304    3932160    4194304    3932160
 11.976056    4194304    3670016    4194304    3670016
 11.996889    4194304    3407872    4194304    3407872
 12.017723    4194304    3145728    4194304    3145728
 12.038556    4194304    2883584    4194304    2883584
 12.059390    4194304    2621440    4194304    2621440
 12.080224    4194304    2359296    4194304    2359296
 12.101057    4194304    2097152    4194304    2097152
 12.121891    4194304    1835008    4194304    1835008
 12.142724    4194304    1572864    4194304    1572864
 12.163558    4194304    1310720    4194304    1310720
 12.184391    4194304    1048576    4194304    1048576
 12.205225    4194304     786432    4194304     786432
 12.226058    4194304     524288    4194304     524288
 12.246892    4194304     262144    4194304     262144
 12.267725   -4194304          0   -4194304          0
 12.288559   -4194304     262144   -4194304     262144
 12.309392   -4194304     524288   -4194304     524288
 12.330226   -4194304     786432   -4194304     786432
 12.351060   -4194304    1048576   -4194304    1048576
 12.371893   -4194304    1310720   -4194304    1310720
 12.392727   -4194304    1572864   -4194304    1572864
 12.413560   -4194304    1835008   -4194304    1835008
 12.434394   -4194304    2097152   -4194304    2097152
 12.455227   -4194304    2359296   -4194304    2359296
 12.476061   -4194304    2621440   -4194304    2621440
 12.496894   -4194304    2883584   -4194304    2883584
 12.517728   -4194304    3145728   -4194304    3145728
 12.538561   -4194304    3407872   -4194304    3407872
 12.559395   -4194304    3670016   -4194304    3670016
 12.580228   -4194304    3932160   -4194304    3932160
 12.601062    4194304    4194304    4194304    4194304
 12.621896    4194304    3932160    4194304    3932160
 12.642729    4194304    3670016    4194304    3670016
 12.663563    4194304    3407872    4194304    3407872
 12.684396    4194304    3145728    4194304    3145728
 12.705230    4194304    2883584    4194304    2883584
 12.726063    4194304    2621440    4194304    2621440
 12.746897    4194304    2359296    4194304    2359296
 12.767730    4194304    2097152    4194304    2097152
 12.788564    4194304    1835008    4194304    1835008
 12.809397    4194304    1572864    4194304    1572864
 12.830231    4194304    1310720    4194304    1310720
 12.851064    4194304    1048576    4194304    1048576
 12.871898    4194304     786432    4194304     786432
 12.892731    4194304     524288    4194304     524288
 12.913565    4194304     262144    4194304     262144
 12.934399   -4194304          0   -4194304          0
 12.955232   -4194304     262144   -4194304     262144
 12.976066   -4194304     524288   -4194304     524288
 12.996899   -4194304     786432   -4194304     786432
 13.017733   -4194304    1048576   -4194304    1048576
 13.038566   -4194304    1310720   -4194304    1310720
 13.059400   -4194304    1572864   -4194304    1572864
 13.080233   -4194304    1835008   -4194304    1835008
 13.101067   -4194304    2097152   -4194304    2097152
 13.121900   -4194304    2359296   -4194304    2359296
 13.142734   -4194304    2621440   -4194304    2621440
 13.163567   -4194304    2883584   -4194304    2883584
 13.184401   -4194304    3145728   -4194304    3145728
 13.205235   -4194304    3407872   -4194304    3407872
 13.226068   -4194304    3670016   -4194304    3670016
 13.246902   -4194304    3932160   -4194304    3932160
 13.267735    4194304    4194304    4194304    4194304
 13.288569    4194304    3932160    4194304    3932160
 13.309402    4194304    3670016    4194304    3670016
 13.330236    4194304    3407872    4194304    3407872
 13.351069    4194304    3145728    4194304    3145728
 13.371903    4194304    2883584    4194304    2883584
 13.392736    4194304    2621440    4194304    2621440
 13.413570    4194304    2359296    4194304    2359296
 13.434403    4194304    2097152    4194304    2097152
 13.455237    4194304    1835008    4194304    1835008
 13.476070    4194304    1572864    4194304    1572864
 13.496904    4194304    1310720    4194304    1310720
 13.517738    4194304    1048576    4194304    1048576
 13.538571    4194304     786432    4194304     786432
 13.559405    4194304     524288    4194304     524288
 13.580238    4194304     262144    4194304     262144
 13.601072   -4194304          0   -4194304          0
 13.621905   -4194304     262144   -4194304     262144
 13.642739   -4194304     524288   -4194304     524288
 13.663572   -4194304     786432   -4194304     786432
 13.684406   -4194304    1048576   -4194304    1048576
 13.705239   -4194304    1310720   -4194304    1310720
 13.726073   -4194304    1572864   -4194304    1572864
 13.746906   -4194304    1835008   -4194304    1835008
 13.767740   -4194304    2097152   -4194304    2097152
 13.788574   -4194304    2359296   -4194304    2359296
 13.809407   -4194304    2621440   -4194304    2621440
 13.830241   -4194304    2883584   -4194304    2883584
 13.851074   -4194304    3145728   -4194304    3145728
 13.871908   -4194304    3407872   -4194304    3407872
 13.892741   -4194304    3670016   -4194304    3670016
 13.913575   -4194304    3932160   -4194304    3932160
 13.934408    4194304    4194304    4194304    4194304
 13.955242    4194304    3932160    4194304    3932160
 13.976075    4194304    3670016    4194304    3670016
 13.996909    4194304    3407872    4194304    3407872
 14.017742    4194304    3145728    4194304    3145728
 14.038576    4194304    2883584    4194304    2883584
 14.059409    4194304    2621440    4194304    2621440
 14.080243    4194304    2359296    4194304    2359296
 14.101077    4194304    2097152    4194304    2097152
 14.121910    4194304    1835008    4194304    1835008
 14.142744    4194304    1572864    4194304    1572864
 14.163577    4194304    1310720    4194304    1310720
 14.184411    4194304    1048576    4194304    1048576
 14.205244    4194304     786432    4194304     786432
 14.226078    4194304     524288    4194304     524288
 14.246911    4194304     262144    4194304     262144
 14.267745   -4194304          0   -4194304          0
 14.288578   -4194304     262144   -4194304     262144
 14.309412   -4194304     524288   -4194304     524288
 14.330245   -4194304     786432   -4194304     786432
 14.351079   -4194304    1048576   -4194304    1048576
 14.371913   -4194304    1310720   -4194304    1310720
 14.392746   -4194304    1572864   -4194304    1572864
 14.413580   -4194304    1835008   -4194304    1835008
 14.434413   -4194304    2097152   -4194304    2097152
 14.455247   -4194304    2359296   -4194304    2359296
 14.476080   -4194304    2621440   -4194304    2621440
 14.496914   -4194304    2883584   -4194304    2883584
 14.517747   -4194304    3145728   -4194304    3145728
 14.538581   -4194304    3407872   -4194304    3407872
 14.559414   -4194304    3670016   -4194304    3670016
 14.580248   -4194304    3932160   -4194304    3932160
 14.601081    4194304    4194304    4194304    4194304
 14.621915    4194304    3932160    4194304    3932160
 14.642748    4194304    3670016    4194304    3670016
 14.663582    4194304    3407872    4194304    3407872
 14.684416    4194304    3145728    4194304    3145728
 14.705249    4194304    2883584    4194304    2883584
 14.726083    4194304    2621440    4194304    2621440
 14.746916    4194304    2359296    4194304    2359296
 14.767750    4194304    2097152    4194304    2097152
 14.788583    4194304    1835008    4194304    1835008
 14.809417    4194304    1572864    4194304    1572864
 14.830250    4194304    1310720    4194304    1310720
 14.851084    4194304    1048576    4194304    1048576
 14.871917    4194304     786432    4194304     786432
 14.892751    4194304     524288    4194304     524288
 14.913584    4194304     262144    4194304     262144
 14.934418   -4194304          0   -4194304          0
 14.955252   -4194304     262144   -4194304     262144
 14.976085   -4194304     524288   -4194304     524288
 14.996919   -4194304     786432   -4194304     786432
 15.017752   -4194304    1048576   -4194304    1048576
 15.038586   -4194304    1310720   -4194304    1310720
 15.059419   -4194304    1572864   -4194304    1572864
 15.080253   -4194304    1835008   -4194304    1835008
 15.101086   -4194304    2097152   -4194304    2097152
 15.121920   -4194304    2359296   -4194304    2359296
 15.142753   -4194304    2621440   -4194304    2621440
 15.163587   -4194304    2883584   -4194304    2883584
 15.184420   -4194304    3145728   -4194304    3145728
 15.205254   -4194304    3407872   -4194304    3407872
 15.226088   -4194304    3670016   -4194304    3670016
 15.246921   -4194304    3932160   -4194304    3932160
 15.267755    4194304    4194304    4194304    4194304
 15.288588    4194304    3932160    4194304    3932160
 15.309422    4194304    3670016    4194304    3670016
 15.330255    4194304    3407872    4194304    3407872
 15.351089    4194304    3145728    4194304    3145728
 15.371922    4194304    2883584    4194304    2883584
 15.392756    4194304    2621440    4194304    2621440
 15.413589    4194304    2359296    4194304    2359296
 15.434423    4194304    2097152    4194304    2097152
 15.455256    4194304    1835008    4194304    1835008
 15.476090    4194304    1572864    4194304    1572864
 15.496923    4194304    1310720    4194304    1310720
 15.517757    4194304    1048576    4194304    1048576
 15.538591    4194304     786432    4194304     786432
 15.559424    4194304     524288    4194304     524288
 15.580258    4194304     262144    4194304     262144
 15.601091   -4194304          0   -4194304          0
 15.621925   -4194304     262144   -4194304     262144
 15.642758   -4194304     524288   -4194304     524288
 15.663592   -4194304     786432   -4194304     786432
 15.684425   -4194304    1048576   -4194304    1048576
 15.705259   -4194304    1310720   -4194304    1310720
 15.726092   -4194304    1572864   -4194304    1572864
 15.746926   -4194304    1835008   -4194304    1835008
 15.767759   -4194304    2097152   -4194304    2097152
 15.788593   -4194304    2359296   -4194304    2359296
 15.809427   -4194304    2621440   -4194304    2621440
 15.830260   -4194304    2883584   -4194304    2883584
 15.851094   -4194304    3145728   -4194304    3145728
 15.871927   -4194304    3407872   -4194304    3407872
 15.892761   -4194304    3670016   -4194304    3670016
 15.913594   -4194304    3932160   -4194304    3932160
 15.934428    4194304    4194304    4194304    4194304
 15.955261    4194304    3932160    4194304    3932160
 15.976095    4194304    3670016    4194304    3670016
 15.996928    4194304    3407872    4194304    3407872
 16.017762    4194304    3145728    4194304    3145728
 16.038595    4194304    2883584    4194304    2883584
 16.059429    4194304    2621440    4194304    2621440
 16.080262    4194304    2359296    4194304    2359296
 16.101096    4194304    2097152    4194304    2097152
 16.121930    4194304    1835008    4194304    1835008
 16.142763    4194304    1572864    4194304    1572864
 16.163597    4194304    1310720    4194304    1310720
 16.184430    4194304    1048576    4194304    1048576
 16.205264    4194304     786432    4194304     786432
 16.226097    4194304     524288    4194304     524288
 16.246931    4194304     262144    4194304     262144
 16.267764   -4194304          0   -4194304          0
 16.288598   -4194304     262144   -4194304     262144
 16.309431   -4194304     524288   -4194304     524288
 16.330265   -4194304     786432   -4194304     786432
 16.351098   -4194304    1048576   -4194304    1048576
 16.371932   -4194304    1310720   -4194304    1310720
 16.392766   -4194304    1572864   -4194304    1572864
 16.413599   -4194304    1835008   -4194304    1835008
 16.434433   -4194304    2097152   -4194304    2097152
 16.455266   -4194304    2359296   -4194304    2359296
 16.476100   -4194304    2621440   -4194304    2621440
 16.496933   -4194304    2883584   -4194304    2883584
 16.517767   -4194304    3145728   -4194304    3145728
 16.538600   -4194304    3407872   -4194304    3407872
 16.559434   -4194304    3670016   -4194304    3670016
 16.580267   -4194304    3932160   -4194304    3932160
 16.601101    4194304    4194304    4194304    4194304
 16.621934    4194304    3932160    4194304    3932160
 16.642768    4194304    3670016    4194304    3670016
 16.663601    4194304    3407872    4194304    3407872
 16.684435    4194304    3145728    4194304    3145728
 16.705269    4194304    2883584    4194304    2883584
 16.726102    4194304    2621440    4194304    2621440
 16.746936    4194304    2359296    4194304    2359296
 16.767769    4194304    2097152    4194304    2097152
 16.788603    4194304    1835008    4194304    1835008
 16.809436    4194304    1572864    4194304    1572864
 16.830270    4194304    1310720    4194304    1310720
 16.851103    4194304    1048576    4194304    1048576
 16.871937    4194304     786432    4194304     786432
 16.892770    4194304     524288    4194304     524288
 16.913604    4194304     262144    4194304     262144
 16.934437   -4194304          0   -4194304          0
 16.955271   -4194304     262144   -4194304     262144
 16.976105   -4194304     524288   -4194304     524288
 16.996938   -4194304     786432   -4194304     786432
 17.017772   -4194304    1048576   -4194304    1048576
 17.038605   -4194304    1310720   -4194304    1310720
 17.059439   -4194304    1572864   -4194304    1572864
 17.080272   -4194304    1835008   -4194304    1835008
 17.101106   -4194304    2097152   -4194304    2097152
 17.121939   -4194304    2359296   -4194304    2359296
 17.142773   -4194304    2621440   -4194304    2621440
 17.163606   -4194304    2883584   -4194304    2883584
 17.184440   -4194304    3145728   -4194304    3145728
 17.205273   -4194304    3407872   -4194304    3407872
 17.226107   -4194304    3670016   -4194304    3670016
 17.246940   -4194304    3932160   -4194304    3932160
 17.267774    4194304    4194304    4194304    4194304
 17.288608    4194304    3932160    4194304    3932160
 17.309441    4194304    3670016    4194304    3670016
 17.330275    4194304    3407872    4194304    3407872
 17.351108    4194304    3145728    4194304    3145728
 17.371942    4194304    2883584    4194304    2883584
 17.392775    4194304    2621440    4194304    2621440
 17.413609    4194304    2359296    4194304    2359296
 17.434442    4194304    2097152    4194304    2097152
 17.455276    4194304    1835008    4194304    1835008
 17.476109    4194304    1572864    4194304    1572864
 17.496943    4194304    1310720    4194304    1310720
 17.517776    4194304    1048576    4194304    1048576
 17.538610    4194304     786432    4194304     786432
 17.559444    4194304     524288    4194304     524288
 17.580277    4194304     262144    4194304     262144
 17.601111   -4194304          0   -4194304          0
 17.621944   -4194304     262144   -4194304     262144
 17.642778   -4194304     524288   -4194304     524288
 17.663611   -4194304     786432   -4194304     786432
 17.684445   -4194304    1048576   -4194304    1048576
 17.705278   -4194304    1310720   -4194304    1310720
 17.726112   -4194304    1572864   -4194304    1572864
 17.746945   -4194304    1835008   -4194304    1835008
 17.767779   -4194304    2097152   -4194304    2097152
 17.788612   -4194304    2359296   -4194304    2359296
 17.809446   -4194304    2621440   -4194304    2621440
 17.830280   -4194304    2883584   -4194304    2883584
 17.851113   -4194304    3145728   -4194304    3145728
 17.871947   -4194304    3407872   -4194304    3407872
 17.892780   -4194304    3670016   -4194304    3670016
 17.913614   -4194304    3932160   -4194304    3932160
 17.934447    4194304    4194304    4194304    4194304
 17.955281    4194304    3932160    4194304    3932160
 17.976114    4194304    3670016    4194304    3670016
 17.996948    4194304    3407872    4194304    3407872
 18.017781    4194304    3145728    4194304    3145728
 18.038615    4194304    2883584    4194304    2883584
 18.059448    4194304    2621440    4194304    2621440
 18.080282    4194304    2359296    4194304    2359296
 18.101115    4194304    2097152    4194304    2097152
 18.121949    4194304    1835008    4194304    1835008
 18.142783    4194304    1572864    4194304    1572864
 18.163616    4194304    1310720    4194304    1310720
 18.184450    4194304    1048576    4194304    1048576
 18.205283    4194304     786432    4194304     786432
 18.226117    4194304     524288    4194304     524288
 18.246950    4194304     262144    4194304     262144
 18.267784   -4194304          0   -4194304          0
 18.288617   -4194304     262144   -4194304     262144
 18.309451   -4194304     524288   -4194304     524288
 18.330284   -4194304     786432   -4194304     786432
 18.351118   -4194304    1048576   -4194304    1048576
 18.371951   -4194304    1310720   -4194304    1310720
 18.392785   -4194304    1572864   -4194304    1572864
 18.413619   -4194304    1835008   -4194304    1835008
 18.434452   -4194304    2097152   -4194304    2097152
 18.455286   -4194304    2359296   -4194304    2359296
 18.476119   -4194304    2621440   -4194304    2621440
 18.496953   -4194304    2883584   -4194304    2883584
 18.517786   -4194304    3145728   -4194304    3145728
 18.538620   -4194304    3407872   -4194304    3407872
 18.559453   -4194304    3670016   -4194304    3670016
 18.580287   -4194304    3932160   -4194304    3932160
 18.601120    4194304    4194304    4194304    4194304
 18.621954    4194304    3932160    4194304    3932160
 18.642787    4194304    3670016    4194304    3670016
 18.663621    4194304    3407872    4194304    3407872
 18.684454    4194304    3145728    4194304    3145728
 18.705288    4194304    2883584    4194304    2883584
 18.726122    4194304    2621440    4194304    2621440
 18.746955    4194304    2359296    4194304    2359296
 18.767789    4194304    2097152    4194304    2097152
 18.788622    4194304    1835008    4194304    1835008
 18.809456    4194304    1572864    4194304    1572864
 18.830289    4194304    1310720    4194304    1310720
 18.851123    4194304    1048576    4194304    1048576
 18.871956    4194304     786432    4194304     786432
 18.892790    4194304     524288    4194304     524288
 18.913623    4194304     262144    4194304     262144
 18.934457   -4194304          0   -4194304          0
 18.955290   -4194304     262144   -4194304     262144
 18.976124   -4194304     524288   -4194304     524288
 18.996958   -4194304     786432   -4194304     786432
 19.017791   -4194304    1048576   -4194304    1048576
 19.038625   -4194304    1310720   -4194304    1310720
 19.059458   -4194304    1572864   -4194304    1572864
 19.080292   -4194304    1835008   -4194304    1835008
 19.101125   -4194304    2097152   -4194304    2097152
 19.121959   -4194304    2359296   -4194304    2359296
 19.142792   -4194304    2621440   -4194304    2621440
 19.163626   -4194304    2883584   -4194304    2883584
 19.184459   -4194304    3145728   -4194304    3145728
 19.205293   -4194304    3407872   -4194304    3407872
 19.226126   -4194304    3670016   -4194304    3670016
 19.246960   -4194304    3932160   -4194304    3932160
 19.267793    4194304    4194304    4194304    4194304
 19.288627    4194304    3932160    4194304    3932160
 19.309461    4194304    3670016    4194304    3670016
 19.330294    4194304    3407872    4194304    3407872
 19.351128    4194304    3145728    4194304    3145728
 19.371961    4194304    2883584    4194304    2883584
 19.392795    4194304    2621440    4194304    2621440
 19.413628    4194304    2359296    4194304    2359296
 19.434462    4194304    2097152    4194304    2097152
 19.455295    4194304    1835008    4194304    1835008
 19.476129    4194304    1572864    4194304    1572864
 19.496962    4194304    1310720    4194304    1310720
 19.517796    4194304    1048576    4194304    1048576
 19.538629    4194304     786432    4194304     786432
 19.559463    4194304     524288    4194304     524288
 19.580297    4194304     262144    4194304     262144
 19.601130   -4194304          0   -4194304          0
 19.621964   -4194304     262144   -4194304     262144
 19.642797   -4194304     524288   -4194304     524288
 19.663631   -4194304     786432   -4194304     786432
 19.684464   -4194304    1048576   -4194304    1048576
 19.705298   -4194304    1310720   -4194304    1310720
 19.726131   -4194304    1572864   -4194304    1572864
 19.746965   -4194304    1835008   -4194304    1835008
 19.767798   -4194304    2097152   -4194304    2097152
 19.788632   -4194304    2359296   -4194304    2359296
 19.809465   -4194304    2621440   -4194304    2621440
 19.830299   -4194304    2883584   -4194304    2883584
 19.851132   -4194304    3145728   -4194304    3145728
 19.871966   -4194304    3407872   -4194304    3407872
 19.892800   -4194304    3670016   -4194304    3670016
 19.913633   -4194304    3932160   -4194304    3932160
 19.934467    4194304    4194304    4194304    4194304
 19.955300    4194304    3932160    4194304    3932160
 19.976134    4194304    3670016    4194304    3670016
 19.996967    4194304    3407872    4194304    3407872
 20.017801    4194304    3145728    4194304    3145728
 20.038634    4194304    2883584    4194304    2883584
 20.059468    4194304    2621440    4194304    2621440
 20.080301    4194304    2359296    4194304    2359296
 20.101135    4194304    2097152    4194304    2097152
 20.121968    4194304    1835008    4194304    1835008
 20.142802    4194304    1572864    4194304    1572864
 20.163636    4194304    1310720    4194304    1310720
 20.184469    4194304    1048576    4194304    1048576
 20.205303    4194304     786432    4194304     786432
 20.226136    4194304     524288    4194304     524288
 20.246970    4194304     262144    4194304     262144
 20.267803   -4194304          0   -4194304          0
 20.288637   -4194304     262144   -4194304     262144
 20.309470   -4194304     524288   -4194304     524288
 20.330304   -4194304     786432   -4194304     786432
 20.351137   -4194304    1048576   -4194304    1048576
 20.371971   -4194304    1310720   -4194304    1310720
 20.392804   -4194304    1572864   -4194304    1572864
 20.413638   -4194304    1835008   -4194304    1835008
 20.434472   -4194304    2097152   -4194304    2097152
 20.455305   -4194304    2359296   -4194304    2359296
 20.476139   -4194304    2621440   -4194304    2621440
 20.496972   -4194304    2883584   -4194304    2883584
 20.517806   -4194304    3145728   -4194304    3145728
 20.538639   -4194304    3407872   -4194304    3407872
 20.559473   -4194304    3670016   -4194304    3670016
 20.580306   -4194304    3932160   -4194304    3932160
 20.601140    4194304    4194304    4194304    4194304
 20.621973    4194304    3932160    4194304    3932160
 20.642807    4194304    3670016    4194304    3670016
 20.663640    4194304    3407872    4194304    3407872
 20.684474    4194304    3145728    4194304    3145728
 20.705307    4194304    2883584    4194304    2883584
 20.726141    4194304    2621440    4194304    2621440
 20.790161          0          0          0          0
 20.810994   -1048576          0   -1048576          0
 20.831828   -1048576     131072   -1048576     131072
 20.852661   -1048576     262144   -1048576     262144
 20.873495   -1048576     393216   -1048576     393216
 20.894328   -1048576     524288   -1048576     524288
 20.915162   -1048576     655360   -1048576     655360
 20.935995   -1048576     786432   -1048576     786432
 20.956829   -1048576     917504   -1048576     917504
 20.977663   -1048576    1048576   -1048576    1048576
 20.998496   -1048576    1179648   -1048576    1179648
 21.019330   -1048576    1310720   -1048576    1310720
 21.040163   -1048576    1441792   -1048576    1441792
 21.060997   -1048576    1572864   -1048576    1572864
 21.081830   -1048576    1703936   -1048576    1703936
 21.102664   -1048576    1835008   -1048576    1835008
 21.123497   -1048576    1966080   -1048576    1966080
 21.144331    1048576    2097152    1048576    2097152
 21.165164    1048576    1966080    1048576    1966080
 21.185998    1048576    1835008    1048576    1835008
 21.206831    1048576    1703936    1048576    1703936
 21.227665    1048576    1572864    1048576    1572864
 21.248499    1048576    1441792    1048576    1441792
 21.269332    1048576    1310720    1048576    1310720
 21.290166    1048576    1179648    1048576    1179648
 21.310999    1048576    1048576    1048576    1048576
 21.331833    1048576     917504    1048576     917504
 21.352666    1048576     786432    1048576     786432
 21.373500    1048576     655360    1048576     655360
 21.394333    1048576     524288    1048576     524288
 21.415167    1048576     393216    1048576     393216
 21.436000    1048576     262144    1048576     262144
 21.456834    1048576     131072    1048576     131072
 21.477667   -1048576          0   -1048576          0
 21.498501   -1048576     131072   -1048576     131072
 21.519334   -1048576     262144   -1048576     262144
 21.540168   -1048576     393216   -1048576     393216
 21.561002   -1048576     524288   -1048576     524288
 21.581835   -1048576     655360   -1048576     655360
 21.602669   -1048576     786432   -1048576     786432
 21.623502   -1048576     917504   -1048576     917504
 21.644336   -1048576    1048576   -1048576    1048576
 21.665169   -1048576    1179648   -1048576    1179648
 21.686003   -1048576    1310720   -1048576    1310720
 21.706836   -1048576    1441792   -1048576    1441792
 21.727670   -1048576    1572864   -1048576    1572864
 21.748503   -1048576    1703936   -1048576    1703936
 21.769337   -1048576    1835008   -1048576    1835008
 21.790170   -1048576    1966080   -1048576    1966080
 21.811004    1048576    2097152    1048576    2097152
 21.831838    1048576    1966080    1048576    1966080
 21.852671    1048576    1835008    1048576    1835008
 21.873505    1048576    1703936    1048576    1703936
 21.894338    1048576    1572864    1048576    1572864
 21.915172    1048576    1441792    1048576    1441792
 21.936005    1048576    1310720    1048576    1310720
 21.956839    1048576    1179648    1048576    1179648
 21.977672    1048576    1048576    1048576    1048576
 21.998506    1048576     917504    1048576     917504
 22.019339    1048576     786432    1048576     786432
 22.040173    1048576     655360    1048576     655360
 22.061006    1048576     524288    1048576     524288
 22.081840    1048576     393216    1048576     393216
 22.102673    1048576     262144    1048576     262144
 22.123507    1048576     131072    1048576     131072
 22.144341   -1048576          0   -1048576          0
 22.165174   -1048576     131072   -1048576     131072
 22.186008   -1048576     262144   -1048576     262144
 22.206841   -1048576     393216   -1048576     393216
 22.227675   -1048576     524288   -1048576     524288
 22.248508   -1048576     655360   -1048576     655360
 22.269342   -1048576     786432   -1048576     786432
 22.290175   -1048576     917504   -1048576     917504
 22.311009   -1048576    1048576   -1048576    1048576
 22.331842   -1048576    1179648   -1048576    1179648
 22.352676   -1048576    1310720   -1048576    1310720
 22.373509   -1048576    1441792   -1048576    1441792
 22.394343   -1048576    1572864   -1048576    1572864
 22.415177   -1048576    1703936   -1048576    1703936
 22.436010   -1048576    1835008   -1048576    1835008
 22.456844   -1048576    1966080   -1048576    1966080
 22.477677    1048576    2097152    1048576    2097152
 22.498511    1048576    1966080    1048576    1966080
 22.519344    1048576    1835008    1048576    1835008
 22.540178    1048576    1703936    1048576    1703936
 22.561011    1048576    1572864    1048576    1572864
 22.581845    1048576    1441792    1048576    1441792
 22.602678    1048576    1310720    1048576    1310720
 22.623512    1048576    1179648    1048576    1179648
 22.644345    1048576    1048576    1048576    1048576
 22.665179    1048576     917504    1048576     917504
 22.686013    1048576     786432    1048576     786432
 22.706846    1048576     655360    1048576     655360
 22.727680    1048576     524288    1048576     524288
 22.748513    1048576     393216    1048576     393216
 22.769347    1048576     262144    1048576     262144
 22.790180    1048576     131072    1048576     131072
 22.811014   -1048576          0   -1048576          0
 22.831847   -1048576     131072   -1048576     131072
 22.852681   -1048576     262144   -1048576     262144
 22.873514   -1048576     393216   -1048576     393216
 22.894348   -1048576     524288   -1048576     524288
 22.915181   -1048576     655360   -1048576     655360
 22.936015   -1048576     786432   -1048576     786432
 22.956848   -1048576     917504   -1048576     917504
 22.977682   -1048576    1048576   -1048576    1048576
 22.998516   -1048576    1179648   -1048576    1179648
 23.019349   -1048576    1310720   -1048576    1310720
 23.040183   -1048576    1441792   -1048576    1441792
 23.061016   -1048576    1572864   -1048576    1572864
 23.081850   -1048576    1703936   -1048576    1703936
 23.102683   -1048576    1835008   -1048576    1835008
 23.123517   -1048576    1966080   -1048576    1966080
 23.144350    1048576    2097152    1048576    2097152
 23.165184    1048576    1966080    1048576    1966080
 23.186017    1048576    1835008    1048576    1835008
 23.206851    1048576    1703936    1048576    1703936
 23.227684    1048576    1572864    1048576    1572864
 23.248518    1048576    1441792    1048576    1441792
 23.269352    1048576    1310720    1048576    1310720
 23.290185    1048576    1179648    1048576    1179648
 23.311019    1048576    1048576    1048576    1048576
 23.331852    1048576     917504    1048576     917504
 23.352686    1048576     786432    1048576     786432
 23.373519    1048576     655360    1048576     655360
 23.394353    1048576     524288    1048576     524288
 23.415186    1048576     393216    1048576     393216
 23.436020    1048576     262144    1048576     262144
 23.456853    1048576     131072    1048576     131072
 23.477687   -1048576          0   -1048576          0
 23.498520   -1048576     131072   -1048576     131072
 23.519354   -1048576     262144   -1048576     262144
 23.540187   -1048576     393216   -1048576     393216
 23.561021   -1048576     524288   -1048576     524288
 23.581855   -1048576     655360   -1048576     655360
 23.602688   -1048576     786432   -1048576     786432
 23.623522   -1048576     917504   -1048576     917504
 23.644355   -1048576    1048576   -1048576    1048576
 23.665189   -1048576    1179648   -1048576    1179648
 23.686022   -1048576    1310720   -1048576    1310720
 23.706856   -1048576    1441792   -1048576    1441792
 23.727689   -1048576    1572864   -1048576    1572864
 23.748523   -1048576    1703936   -1048576    1703936
 23.769356   -1048576    1835008   -1048576    1835008
 23.790190   -1048576    1966080   -1048576    1966080
 23.811023    1048576    2097152    1048576    2097152
 23.831857    1048576    1966080    1048576    1966080
 23.852691    1048576    1835008    1048576    1835008
 23.873524    1048576    1703936    1048576    1703936
 23.894358    1048576    1572864    1048576    1572864
 23.915191    1048576    1441792    1048576    1441792
 23.936025    1048576    1310720    1048576    1310720
 23.956858    1048576    1179648    1048576    1179648
 23.977692    1048576    1048576    1048576    1048576
 23.998525    1048576     917504    1048576     917504
 24.019359    1048576     786432    1048576     786432
 24.040192    1048576     655360    1048576     655360
 24.061026    1048576     524288    1048576     524288
 24.081859    1048576     393216    1048576     393216
 24.102693    1048576     262144    1048576     262144
 24.123526    1048576     131072    1048576     131072
 24.144360   -1048576          0   -1048576          0
 24.165194   -1048576     131072   -1048576     131072
 24.186027   -1048576     262144   -1048576     262144
 24.206861   -1048576     393216   -1048576     393216
 24.227694   -1048576     524288   -1048576     524288
 24.248528   -1048576     655360   -1048576     655360
 24.269361   -1048576     786432   -1048576     786432
 24.290195   -1048576     917504   -1048576     917504
 24.311028   -1048576    1048576   -1048576    1048576
 24.331862   -1048576    1179648   -1048576    1179648
 24.352695   -1048576    1310720   -1048576    1310720
 24.373529   -1048576    1441792   -1048576    1441792
 24.394362   -1048576    1572864   -1048576    1572864
 24.415196   -1048576    1703936   -1048576    1703936
 24.436030   -1048576    1835008   -1048576    1835008
 24.456863   -1048576    1966080   -1048576    1966080
 24.477697    1048576    2097152    1048576    2097152
 24.498530    1048576    1966080    1048576    1966080
 24.519364    1048576    1835008    1048576    1835008
 24.540197    1048576    1703936    1048576    1703936
 24.561031    1048576    1572864    1048576    1572864
 24.581864    1048576    1441792    1048576    1441792
 24.602698    1048576    1310720    1048576    1310720
 24.623531    1048576    1179648    1048576    1179648
 24.644365    1048576    1048576    1048576    1048576
 24.665198    1048576     917504    1048576     917504
 24.686032    1048576     786432    1048576     786432
 24.706865    1048576     655360    1048576     655360
 24.727699    1048576     524288    1048576     524288
 24.748533    1048576     393216    1048576     393216
 24.769366    1048576     262144    1048576     262144
 24.790200    1048576     131072    1048576     131072
 24.811033   -1048576          0   -1048576          0
 24.831867   -1048576     131072   -1048576     131072
 24.852700   -1048576     262144   -1048576     262144
 24.873534   -1048576     393216   -1048576     393216
 24.894367   -1048576     524288   -1048576     524288
 24.915201   -1048576     655360   -1048576     655360
 24.936034   -1048576     786432   -1048576     786432
 24.956868   -1048576     917504   -1048576     917504
 24.977701   -1048576    1048576   -1048576    1048576
 24.998535   -1048576    1179648   -1048576    1179648
 25.019369   -1048576    1310720   -1048576    1310720
 25.040202   -1048576    1441792   -1048576    1441792
 25.061036   -1048576    1572864   -1048576    1572864
 25.081869   -1048576    1703936   -1048576    1703936
 25.102703   -1048576    1835008   -1048576    1835008
 25.123536   -1048576    1966080   -1048576    1966080
 25.144370    1048576    2097152    1048576    2097152
 25.165203    1048576    1966080    1048576    1966080
 25.186037    1048576    1835008    1048576    1835008
 25.206870    1048576    1703936    1048576    1703936
 25.227704    1048576    1572864    1048576    1572864
 25.248537    1048576    1441792    1048576    1441792
 25.269371    1048576    1310720    1048576    1310720
 25.290205    1048576    1179648    1048576    1179648
 25.311038    1048576    1048576    1048576    1048576
 25.331872    1048576     917504    1048576     917504
 25.352705    1048576     786432    1048576     786432
 25.373539    1048576     655360    1048576     655360
 25.394372    1048576     524288    1048576     524288
 25.415206    1048576     393216    1048576     393216
 25.436039    1048576     262144    1048576     262144
 25.456873    1048576     131072    1048576     131072
 25.477706   -1048576          0   -1048576          0
 25.498540   -1048576     131072   -1048576     131072
 25.519373   -1048576     262144   -1048576     262144
 25.540207   -1048576     393216   -1048576     393216
 25.561040   -1048576     524288   -1048576     524288
 25.581874   -1048576     655360   -1048576     655360
 25.602708   -1048576     786432   -1048576     786432
 25.623541   -1048576     917504   -1048576     917504
 25.644375   -1048576    1048576   -1048576    1048576
 25.665208   -1048576    1179648   -1048576    1179648
 25.686042   -1048576    1310720   -1048576    1310720
 25.706875   -1048576    1441792   -1048576    1441792
 25.727709   -1048576    1572864   -1048576    1572864
 25.748542   -1048576    1703936   -1048576    1703936
 25.769376   -1048576    1835008   -1048576    1835008
 25.790209   -1048576    1966080   -1048576    1966080
 25.811043    1048576    2097152    1048576    2097152
 25.831876    1048576    1966080    1048576    1966080
 25.852710    1048576    1835008    1048576    1835008
 25.873544    1048576    1703936    1048576    1703936
 25.894377    1048576    1572864    1048576    1572864
 25.915211    1048576    1441792    1048576    1441792
 25.936044    1048576    1310720    1048576    1310720
 25.956878    1048576    1179648    1048576    1179648
 25.977711    1048576    1048576    1048576    1048576
 25.998545    1048576     917504    1048576     917504
 26.019378    1048576     786432    1048576     786432
 26.040212    1048576     655360    1048576     655360
 26.061045    1048576     524288    1048576     524288
 26.081879    1048576     393216    1048576     393216
 26.102712    1048576     262144    1048576     262144
 26.123546    1048576     131072    1048576     131072
 26.144379   -1048576          0   -1048576          0
 26.165213   -1048576     131072   -1048576     131072
 26.186047   -1048576     262144   -1048576     262144
 26.206880   -1048576     393216   -1048576     393216
 26.227714   -1048576     524288   -1048576     524288
 26.248547   -1048576     655360   -1048576     655360
 26.269381   -1048576     786432   -1048576     786432
 26.290214   -1048576     917504   -1048576     917504
 26.311048   -1048576    1048576   -1048576    1048576
 26.331881   -1048576    1179648   -1048576    1179648
 26.352715   -1048576    1310720   -1048576    1310720
 26.373548   -1048576    1441792   -1048576    1441792
 26.394382   -1048576    1572864   -1048576    1572864
 26.415215   -1048576    1703936   -1048576    1703936
 26.436049   -1048576    1835008   -1048576    1835008
 26.456883   -1048576    1966080   -1048576    1966080
 26.477716    1048576    2097152    1048576    2097152
 26.498550    1048576    1966080    1048576    1966080
 26.519383    1048576    1835008    1048576    1835008
 26.540217    1048576    1703936    1048576    1703936
 26.561050    1048576    1572864    1048576    1572864
 26.581884    1048576    1441792    1048576    1441792
 26.602717    1048576    1310720    1048576    1310720
 26.623551    1048576    1179648    1048576    1179648
 26.644384    1048576    1048576    1048576    1048576
 26.665218    1048576     917504    1048576     917504
 26.686051    1048576     786432    1048576     786432
 26.706885    1048576     655360    1048576     655360
 26.727718    1048576     524288    1048576     524288
 26.748552    1048576     393216    1048576     393216
 26.769386    1048576     262144    1048576     262144
 26.790219    1048576     131072    1048576     131072
 26.811053   -1048576          0   -1048576          0
 26.831886   -1048576     131072   -1048576     131072
 26.852720   -1048576     262144   -1048576     262144
 26.873553   -1048576     393216   -1048576     393216
 26.894387   -1048576     524288   -1048576     524288
 26.915220   -1048576     655360   -1048576     655360
 26.936054   -1048576     786432   -1048576     786432
 26.956887   -1048576     917504   -1048576     917504
 26.977721   -1048576    1048576   -1048576    1048576
 26.998554   -1048576    1179648   -1048576    1179648
 27.019388   -1048576    1310720   -1048576    1310720
 27.040222   -1048576    1441792   -1048576    1441792
 27.061055   -1048576    1572864   -1048576    1572864
 27.081889   -1048576    1703936   -1048576    1703936
 27.102722   -1048576    1835008   -1048576    1835008
 27.123556   -1048576    1966080   -1048576    1966080
 27.144389    1048576    2097152    1048576    2097152
 27.165223    1048576    1966080    1048576    1966080
 27.186056    1048576    1835008    1048576    1835008
 27.206890    1048576    1703936    1048576    1703936
 27.227723    1048576    1572864    1048576    1572864
 27.248557    1048576    1441792    1048576    1441792
 27.269390    1048576    1310720    1048576    1310720
 27.290224    1048576    1179648    1048576    1179648
 27.311057    1048576    1048576    1048576    1048576
 27.331891    1048576     917504    1048576     917504
 27.352725    1048576     786432    1048576     786432
 27.373558    1048576     655360    1048576     655360
 27.394392    1048576     524288    1048576     524288
 27.415225    1048576     393216    1048576     393216
 27.436059    1048576     262144    1048576     262144
 27.456892    1048576     131072    1048576     131072
 27.477726   -1048576          0   -1048576          0
 27.498559   -1048576     131072   -1048576     131072
 27.519393   -1048576     262144   -1048576     262144
 27.540226   -1048576     393216   -1048576     393216
 27.561060   -1048576     524288   -1048576     524288
 27.581893   -1048576     655360   -1048576     655360
 27.602727   -1048576     786432   -1048576     786432
 27.623561   -1048576     917504   -1048576     917504
 27.644394   -1048576    1048576   -1048576    1048576
 27.665228   -1048576    1179648   -1048576    1179648
 27.686061   -1048576    1310720   -1048576    1310720
 27.706895   -1048576    1441792   -1048576    1441792
 27.727728   -1048576    1572864   -1048576    1572864
 27.748562   -1048576    1703936   -1048576    1703936
 27.769395   -1048576    1835008   -1048576    1835008
 27.790229   -1048576    1966080   -1048576    1966080
 27.811062    1048576    2097152    1048576    2097152
 27.831896    1048576    1966080    1048576    1966080
 27.852729    1048576    1835008    1048576    1835008
 27.873563    1048576    1703936    1048576    1703936
 27.894397    1048576    1572864    1048576    1572864
 27.915230    1048576    1441792    1048576    1441792
 27.936064    1048576    1310720    1048576    1310720
 27.956897    1048576    1179648    1048576    1179648
 27.977731    1048576    1048576    1048576    1048576
 27.998564    1048576     917504    1048576     917504
 28.019398    1048576     786432    1048576     786432
 28.040231    1048576     655360    1048576     655360
 28.061065    1048576     524288    1048576     524288
 28.081898    1048576     393216    1048576     393216
 28.102732    1048576     262144    1048576     262144
 28.123565    1048576     131072    1048576     131072
 28.144399   -1048576          0   -1048576          0
 28.165232   -1048576     131072   -1048576     131072
 28.186066   -1048576     262144   -1048576     262144
 28.206900   -1048576     393216   -1048576     393216
 28.227733   -1048576     524288   -1048576     524288
 28.248567   -1048576     655360   -1048576     655360
 28.269400   -1048576     786432   -1048576     786432
 28.290234   -1048576     917504   -1048576     917504
 28.311067   -1048576    1048576   -1048576    1048576
 28.331901   -1048576    1179648   -1048576    1179648
 28.352734   -1048576    1310720   -1048576    1310720
 28.373568   -1048576    1441792   -1048576    1441792
 28.394401   -1048576    1572864   -1048576    1572864
 28.415235   -1048576    1703936   -1048576    1703936
 28.436068   -1048576    1835008   -1048576    1835008
 28.456902   -1048576    1966080   -1048576    1966080
 28.477736    1048576    2097152    1048576    2097152
 28.498569    1048576    1966080    1048576    1966080
 28.519403    1048576    1835008    1048576    1835008
 28.540236    1048576    1703936    1048576    1703936
 28.561070    1048576    1572864    1048576    1572864
 28.581903    1048576    1441792    1048576    1441792
 28.602737    1048576    1310720    1048576    1310720
 28.623570    1048576    1179648    1048576    1179648
 28.644404    1048576    1048576    1048576    1048576
 28.665237    1048576     917504    1048576     917504
 28.686071    1048576     786432    1048576     786432
 28.706904    1048576     655360    1048576     655360
 28.727738    1048576     524288    1048576     524288
 28.748571    1048576     393216    1048576     393216
 28.769405    1048576     262144    1048576     262144
 28.790239    1048576     131072    1048576     131072
 28.811072   -1048576          0   -1048576          0
 28.831906   -1048576     131072   -1048576     131072
 28.852739   -1048576     262144   -1048576     262144
 28.873573   -1048576     393216   -1048576     393216
 28.894406   -1048576     524288   -1048576     524288
 28.915240   -1048576     655360   -1048576     655360
 28.936073   -1048576     786432   -1048576     786432
 28.956907   -1048576     917504   -1048576     917504
 28.977740   -1048576    1048576   -1048576    1048576
 28.998574   -1048576    1179648   -1048576    1179648
 29.019407   -1048576    1310720   -1048576    1310720
 29.040241   -1048576    1441792   -1048576    1441792
 29.061075   -1048576    1572864   -1048576    1572864
 29.081908   -1048576    1703936   -1048576    1703936
 29.102742   -1048576    1835008   -1048576    1835008
 29.123575   -1048576    1966080   -1048576    1966080
 29.144409    1048576    2097152    1048576    2097152
 29.165242    1048576    1966080    1048576    1966080
 29.186076    1048576    1835008    1048576    1835008
 29.206909    1048576    1703936    1048576    1703936
 29.227743    1048576    1572864    1048576    1572864
 29.248576    1048576    1441792    1048576    1441792
 29.269410    1048576    1310720    1048576    1310720
 29.290243    1048576    1179648    1048576    1179648
 29.311077    1048576    1048576    1048576    1048576
 29.331910    1048576     917504    1048576     917504
 29.352744    1048576     786432    1048576     786432
 29.373578    1048576     655360    1048576     655360
 29.394411    1048576     524288    1048576     524288
 29.415245    1048576     393216    1048576     393216
 29.436078    1048576     262144    1048576     262144
 29.456912    1048576     131072    1048576     131072
 29.477745   -1048576          0   -1048576          0
 29.498579   -1048576     131072   -1048576     131072
 29.519412   -1048576     262144   -1048576     262144
 29.540246   -1048576     393216   -1048576     393216
 29.561079   -1048576     524288   -1048576     524288
 29.581913   -1048576     655360   -1048576     655360
 29.602746   -1048576     786432   -1048576     786432
 29.623580   -1048576     917504   -1048576     917504
 29.644414   -1048576    1048576   -1048576    1048576
 29.665247   -1048576    1179648   -1048576    1179648
 29.686081   -1048576    1310720   -1048576    1310720
 29.706914   -1048576    1441792   -1048576    1441792
 29.727748   -1048576    1572864   -1048576    1572864
 29.748581   -1048576    1703936   -1048576    1703936
 29.769415   -1048576    1835008   -1048576    1835008
 29.790248   -1048576    1966080   -1048576    1966080
 29.811082    1048576    2097152    1048576    2097152
 29.831915    1048576    1966080    1048576    1966080
 29.852749    1048576    1835008    1048576    1835008
 29.873582    1048576    1703936    1048576    1703936
 29.894416    1048576    1572864    1048576    1572864
 29.915249    1048576    1441792    1048576    1441792
 29.936083    1048576    1310720    1048576    1310720
 29.956917    1048576    1179648    1048576    1179648
 29.977750    1048576    1048576    1048576    1048576
 29.998584    1048576     917504    1048576     917504
 30.019417    1048576     786432    1048576     786432
 30.040251    1048576     655360    1048576     655360
 30.061084    1048576     524288    1048576     524288
 30.081918    1048576     393216    1048576     393216
 30.102751    1048576     262144    1048576     262144
 30.123585    1048576     131072    1048576     131072
 30.144418   -1048576          0   -1048576          0
 30.165252   -1048576     131072   -1048576     131072
 30.186085   -1048576     262144   -1048576     262144
 30.206919   -1048576     393216   -1048576     393216
 30.227753   -1048576     524288   -1048576     524288
 30.248586   -1048576     655360   -1048576     655360
 30.269420   -1048576     786432   -1048576     786432
 30.290253   -1048576     917504   -1048576     917504
 30.311087   -1048576    1048576   -1048576    1048576
 30.331920   -1048576    1179648   -1048576    1179648
 30.352754   -1048576    1310720   -1048576    1310720
 30.373587   -1048576    1441792   -1048576    1441792
 30.394421   -1048576    1572864   -1048576    1572864
 30.415254   -1048576    1703936   -1048576    1703936
 30.436088   -1048576    1835008   -1048576    1835008
 30.456921   -1048576    1966080   -1048576    1966080
 30.477755    1048576    2097152    1048576    2097152
 30.498589    1048576    1966080    1048576    1966080
 30.519422    1048576    1835008    1048576    1835008
 30.540256    1048576    1703936    1048576    1703936
 30.561089    1048576    1572864    1048576    1572864
 30.581923    1048576    1441792    1048576    1441792
 30.602756    1048576    1310720    1048576    1310720
 30.623590    1048576    1179648    1048576    1179648
 30.644423    1048576    1048576    1048576    1048576
 30.665257    1048576     917504    1048576     917504
 30.686090    1048576     786432    1048576     786432
 30.706924    1048576     655360    1048576     655360
 30.727757    1048576     524288    1048576     524288
 30.748591    1048576     393216    1048576     393216
 30.769424    1048576     262144    1048576     262144
 30.790258    1048576     131072    1048576     131072
 30.811092   -1048576          0   -1048576          0
 30.831925   -1048576     131072   -1048576     131072
 30.852759   -1048576     262144   -1048576     262144
 30.873592   -1048576     393216   -1048576     393216
 30.894426   -1048576     524288   -1048576     524288
 30.915259   -1048576     655360   -1048576     655360
 30.936093   -1048576     786432   -1048576     786432
 30.956926   -1048576     917504   -1048576     917504
 30.977760   -1048576    1048576   -1048576    1048576
 30.998593   -1048576    1179648   -1048576    1179648
 31.019427   -1048576    1310720   -1048576    1310720
 31.040260   -1048576    1441792   -1048576    1441792
 31.061094   -1048576    1572864   -1048576    1572864
 31.081928   -1048576    1703936   -1048576    1703936
 31.102761   -1048576    1835008   -1048576    1835008
